[loli.jpg]
text=3;126;4;Mail;Bell MT;0.381536,0.280592,0.212340,6.283185;v1,4293982430,4278190080,128.000000,1.000000,0.000000,1.000000,400,0,49152;;125;1;B;Castellar;0.262500,0.159802,0.330026,6.283185;v1,4280829370,4278190080,128.000000,1.000000,0.000000,1.000000,400,0,49152;;164;28;A voice based email sysytem&#010;;Edwardian Script ITC;0.551564,0.290309,0.055393,6.283185;v1,4279440162,4278190080,128.000000,1.000000,0.000000,1.000000,400,0,49152;;
backuphash=51803
textactive=1
